Logistic Regression – Benign Samples (Prediction = 1)

Sample LR-B1

11.8,14.5,75.3,430.0,0.091,0.058,0.030,0.020,0.160,0.060,
0.48,0.88,3.2,28.0,0.006,0.012,0.013,0.006,0.015,0.002,
12.9,17.6,82.1,510.0,0.120,0.105,0.090,0.075,0.250,0.073


Sample LR-B2

10.5,12.9,67.1,335.0,0.088,0.050,0.022,0.017,0.155,0.056,
0.36,0.70,2.8,21.5,0.007,0.010,0.011,0.005,0.013,0.001,
11.6,15.0,73.2,380.0,0.115,0.090,0.075,0.065,0.235,0.068

Logistic Regression – Malignant Samples (Prediction = 0)

Sample LR-M1

21.4,25.1,140.5,1400.0,0.110,0.180,0.215,0.135,0.210,0.070,
1.25,1.65,9.2,170.0,0.006,0.034,0.045,0.017,0.022,0.005,
27.8,33.0,180.0,2300.0,0.145,0.360,0.460,0.200,0.340,0.100


Sample LR-M2

19.9,22.8,130.0,1200.0,0.108,0.160,0.190,0.120,0.200,0.068,
1.10,1.50,8.0,150.0,0.007,0.030,0.040,0.015,0.020,0.004,
24.8,30.5,165.0,2000.0,0.140,0.330,0.420,0.180,0.310,0.095
